
SDSSJ :	 110057.71-005304.5
RA :  	 165.24046
DEC :	 -0.884586
Z : 	 0.3778
MJD : 	 51908
FIBER :  212
PLATE :  277
U_FLUX : 105.779
G_FLUX : 105.974
R_FLUX : 97.4541
I_FLUX : 93.2395
Z_FLUX : 139.573
DR : 7
FIRST_MATCHED : 0


Name RA^(a) Dec^(a),redshift^(b), source, umag,umag_err, gmag,gmag_err, rmag,rmag_err, imag,imag_err, zmag,zmag_err, uAbs, PFlux, Cts, AbsImag, Morph, TarSel, QFlag, FFlag, SFlag, StFlag, GFlag, SNum, MJD, Plate, Fiber, OName. 
110057.71-005304.5  28839902   -154393  378 0 1750   4 1745   1 1754   1 1757   1 1712   1   22      0 1199 2429  0  0  1  0  1  1  0  0   756 51908  277 212


DR1, RAdeg, DEdeg, Redshift, f_DR1, umag,e_umag, gmag, e_gmag, rmag,e_rmag, imag,e_imag, zmag, e_zmag, Au, F20cm, F-S/N, SF-Sep, logCtR, R-S/N, SR-Sep, Jmag,e_Jmag, Hmag,e_Hmag, Kmag         e_Kmag     sec   S2-Sep         iMag           MFlag          Plate          TLow-z                        THigh-z                       TFIRST         TROSAT         TSerend        TStar          TGal           BLow-z, BHigh-z, BFIRST, BROSAT, BSerend        BStar          BGal           RNum           B-MJD          S-MJD          PNum           FNum           Name     
110057.71-005304.5 165.240464  -0.884592 0.3777 0 17.457 0.014 17.421 0.030 17.523 0.012 17.542 0.020 17.150 0.017  0.217  0.000   0.000  0.000  -1.200 12.680  9.839 16.267 0.096 15.538 0.115 14.481 0.086  0.029 -23.910  0  1  1  0  0  1  1  0  0  1  1  0  1  1  0  0   756 51259 51908  277  212 SDSS J110057.71-005304.5 


DR3Q:
110057.70-005304.5 165.240457  -0.884587 0.3779 17.453 0.011 17.442 0.023 17.534 0.015 17.577 0.014 17.141 0.017  0.218 20.603  0.000   0.000  0.000  0  0  -1.200  4.511  9.840 16.267 0.096 15.538 0.115 14.481 0.086  0.022 -23.876  0  1  1     1055747  1  1  0  1  1  0  0   756 51259 51908  277  212  44  1  330   68   4     1055748 17.430 0.007 17.414 0.003 17.513 0.004 17.545 0.005 17.076 0.010 SDSS J110057.71-005304.5 


DR5Q:
[ ('110057.70-005304.5',  165.240457, -0.884587,  0.3779,  17.45299911,  0.011,  17.44199944,  0.023,  17.5340004,  0.015,  17.57699966,  0.014,  17.14100075,  0.017,  0.21799999,  20.60300064,  0.,  0.,  0., 0, 0, -1.20000005,  4.51100016,  9.84000015,  16.2670002,  0.096,  15.53800011,  0.115,  14.48099995,  0.086,  0.022, -23.87700081, -0.43000001, 0, 1, 1, 0, 1055747, 1, 1, 0, 1, 1, 0, 0, 756, 51259, 51908, 277, 212, 44, 1, 330, 68, 1055748, 1, 0, 0, 1, 1, 0, 0,  17.43000031,  0.007,  17.41399956,  0.003,  17.51300049,  0.004,  17.54500008,  0.005,  17.07600021,  0.01, '    78191512600444928', 'SDSS J110057.71-005304.5')]


DR7Q:











(a) in 10^7 radians
(b) x1000
(c) EDR mags and mag errors, x100 (!!!)  